I
1050 Generated by WorldEditor

1   7816 1 0 KASE Aspen Pitkin County Sardy Field
1302 city Aspen
1302 country United States
1302 datum_lat 39.22527777777778
1302 datum_lon -106.86916666666666
1302 faa_code ASE
1302 iata_code ASE
1302 icao_code KASE
1302 region_code K2
1302 state Colorado
1302 transition_alt 18000
1302 transition_level 18000
1302 flatten 1
100 30.00 15 0 0.00 0 2 0 15  39.23218853 -106.87316141    0   61 2 10 0 0 33  39.21158374 -106.86332783  307   61 2 0 0 1
110 15 0.00 0.0000 New Taxiway 4
112  39.22885390 -106.87048880  39.22876113 -106.87082714
111  39.22885390 -106.87048880
112  39.22885390 -106.87048880  39.22867879 -106.87031534 3 102
112  39.22609325 -106.86915397  39.22601608 -106.86913267
111  39.22609325 -106.86915397
112  39.22609325 -106.86915397  39.22616856 -106.86887875
111  39.22616856 -106.86887875
113  39.22894668 -106.87015047
110 15 0.00 0.0000 New Taxiway 3
112  39.22555510 -106.86890523  39.22547392 -106.86918389
111  39.22555510 -106.86890523
112  39.22555510 -106.86890523  39.22535030 -106.86876233 3 102
112  39.22370742 -106.86802372  39.22346387 -106.86794751
111  39.22370742 -106.86802372
112  39.22370742 -106.86802372  39.22377799 -106.86773237
111  39.22377799 -106.86773237
113  39.22563629 -106.86862657
110 15 0.00 0.0000 New Taxiway 2
112  39.22320443 -106.86781279  39.22313334 -106.86809299
111  39.22320443 -106.86781279
112  39.22320443 -106.86781279  39.22313521 -106.86767359 3 102
112  39.22061669 -106.86655582  39.22033311 -106.86644186
111  39.22061669 -106.86655582
112  39.22061669 -106.86655582  39.22072455 -106.86614236
111  39.22068976 -106.86627548
113  39.22328556 -106.86750556
110 15 0.00 0.0000 New Taxiway 1
112  39.22011110 -106.86631282  39.22003361 -106.86655812
111  39.22011110 -106.86631282
112  39.22011110 -106.86631282  39.21999117 -106.86623185 3 102
112  39.21904690 -106.86581917  39.21881006 -106.86577758
111  39.21904690 -106.86581917
112  39.21904690 -106.86581917  39.21910779 -106.86561674
111  39.21915047 -106.86543671
113  39.22022696 -106.86595572
110 15 0.00 27.0000 New Taxiway 216
111  39.21976079 -106.86704282 53 102
112  39.22014835 -106.86685566  39.22028821 -106.86657519
111  39.22014835 -106.86685566
112  39.22014835 -106.86685566  39.22018034 -106.86678802 53 102
112  39.22023393 -106.86655004  39.22022790 -106.86651027
111  39.22023393 -106.86655004
112  39.22023393 -106.86655004  39.22023194 -106.86651933 53 102
112  39.22011110 -106.86631282  39.21998638 -106.86625181
111  39.22011110 -106.86631282
112  39.22011110 -106.86631282  39.22029928 -106.86640421
111  39.22061669 -106.86655582 53 102
112  39.22039937 -106.86665640  39.22034623 -106.86681014
111  39.22039937 -106.86665640
112  39.22039937 -106.86665640  39.22037675 -106.86673540 53 102
112  39.22033123 -106.86688314  39.22031401 -106.86694850 53 102
112  39.22047683 -106.86738412  39.22067239 -106.86757474
111  39.22047683 -106.86738412
114  39.22047683 -106.86738412  39.22031401 -106.86731012
110 15 0.00 27.0000 New Taxiway 214
111  39.21866378 -106.86651929 53 102
112  39.21876736 -106.86641013  39.21872582 -106.86627437 53 102
112  39.21852038 -106.86577812  39.21845421 -106.86566338
111  39.21852038 -106.86577812
112  39.21852038 -106.86577812  39.21845516 -106.86565360 53 102
112  39.21827090 -106.86546717  39.21821204 -106.86542009
111  39.21904690 -106.86581917 53 102
112  39.21885712 -106.86596347  39.21878637 -106.86614321
111  39.21885712 -106.86596347
112  39.21885712 -106.86596347  39.21884270 -106.86599979 53 102
112  39.21884767 -106.86611028  39.21886032 -106.86615338
111  39.21884767 -106.86611028
112  39.21884767 -106.86611028  39.21886252 -106.86616202 53 102
112  39.21896696 -106.86640136  39.21903801 -106.86654557 53 102
112  39.21940839 -106.86687540  39.21961375 -106.86700278
111  39.21940839 -106.86687540
114  39.21940839 -106.86687540  39.21917911 -106.86676559
110 15 0.00 27.0000 New Taxiway 211
111  39.21197935 -106.86379942
111  39.21186852 -106.86370481 53 102
112  39.21160934 -106.86392889  39.21154200 -106.86412876 53 102
112  39.21168166 -106.86446021  39.21192299 -106.86456869
111  39.21168166 -106.86446021
112  39.21168166 -106.86446021  39.21176262 -106.86447978 53 102
112  39.21188369 -106.86433293  39.21191182 -106.86424745
111  39.21188369 -106.86433293
112  39.21188369 -106.86433293  39.21189736 -106.86429141 53 102
112  39.21195884 -106.86398902  39.21195553 -106.86384975
111  39.21195884 -106.86398902
112  39.21195884 -106.86398902  39.21194933 -106.86378667 53 102
111  39.21186852 -106.86370481
111  39.21198036 -106.86379942
112  39.21250723 -106.86395921  39.21257588 -106.86399237
111  39.21250723 -106.86395921
112  39.21250723 -106.86395921  39.21232107 -106.86389329 53 102
112  39.21211775 -106.86418610  39.21207580 -106.86431325 53 102
112  39.21200501 -106.86456485  39.21193948 -106.86479067 53 102
112  39.21194033 -106.86479596  39.21194034 -106.86480111
111  39.21194033 -106.86479596
112  39.21194033 -106.86479596  39.21192494 -106.86479278 53 102
112  39.21159706 -106.86463523  39.21127354 -106.86449514
111  39.21159706 -106.86463523
112  39.21159706 -106.86463523  39.21126866 -106.86446115 53 102
111  39.21136862 -106.86408843 53 102
113  39.21153581 -106.86349120
110 15 0.00 157.0000 New Taxiway 7
112  39.22344625 -106.86807067  39.22336624 -106.86821072
111  39.22344625 -106.86807067
112  39.22344625 -106.86807067  39.22341615 -106.86811410 53 102
112  39.22334699 -106.86848312  39.22334955 -106.86863025
111  39.22334699 -106.86848312
112  39.22334699 -106.86848312  39.22336527 -106.86873126 53 102
111  39.22352625 -106.86884538
111  39.22280108 -106.86849558 53 102
112  39.22309407 -106.86841176  39.22322389 -106.86827512
111  39.22309407 -106.86841176
112  39.22309407 -106.86841176  39.22317545 -106.86835034 53 102
112  39.22325384 -106.86805042  39.22328679 -106.86791202
111  39.22325384 -106.86805042
112  39.22325384 -106.86805042  39.22327756 -106.86793523 53 102
112  39.22320443 -106.86781279  39.22317528 -106.86778017
111  39.22320443 -106.86781279
112  39.22320443 -106.86781279  39.22331034 -106.86787174
113  39.22370742 -106.86802372 53 102
110 15 0.00 157.0000 New Taxiway 7
112  39.22585103 -106.86922146  39.22576887 -106.86936511
111  39.22585103 -106.86922146
112  39.22585103 -106.86922146  39.22580330 -106.86930511 53 102
112  39.22575410 -106.86961796  39.22576508 -106.86973217
111  39.22575410 -106.86961796
112  39.22575410 -106.86961796  39.22575991 -106.86988884 53 102
111  39.22594952 -106.86999715
111  39.22524463 -106.86965924 53 102
112  39.22551053 -106.86955316  39.22562372 -106.86942632 53 102
112  39.22566547 -106.86916187  39.22566680 -106.86913439
111  39.22566547 -106.86916187
112  39.22566547 -106.86916187  39.22568440 -106.86897569 53 102
111  39.22555510 -106.86890523
113  39.22609325 -106.86915397 53 102
110 15 0.00 157.0000 New Taxiway 7
111  39.22946607 -106.86952863 53 102
112  39.22913016 -106.87067580  39.22898616 -106.87115778
111  39.22913016 -106.87067580
112  39.22913016 -106.87067580  39.22909138 -106.87081550 53 102
112  39.22902937 -106.87101805  39.22900978 -106.87110333
111  39.22902937 -106.87101805
112  39.22902937 -106.87101805  39.22900753 -106.87109200 53 102
112  39.22901704 -106.87120442  39.22902032 -106.87126096
111  39.22901704 -106.87120442
112  39.22901704 -106.87120442  39.22902606 -106.87145036 53 102
111  39.22922344 -106.87155972
111  39.22849218 -106.87119862 53 102
112  39.22883419 -106.87102444  39.22900273 -106.87076001
111  39.22883419 -106.87102444
112  39.22883419 -106.87102444  39.22887104 -106.87096186 53 102
112  39.22892975 -106.87070284  39.22893914 -106.87062577 53 102
112  39.22885390 -106.87048880  39.22881687 -106.87045996
111  39.22885390 -106.87048880
112  39.22885390 -106.87048880  39.22887662 -106.87042857
112  39.22915627 -106.86938170  39.22923878 -106.86909022
111  39.22915627 -106.86938170
114  39.22915627 -106.86938170  39.22931340 -106.86944690
110 15 0.00 157.0000 New Taxiway 5
111  39.21827090 -106.86546717 53 102
112  39.21806864 -106.86530604  39.21795169 -106.86523879
111  39.21806864 -106.86530604
112  39.21806864 -106.86530604  39.21788472 -106.86520841 53 102
112  39.21752670 -106.86505461  39.21742715 -106.86501114
111  39.21752670 -106.86505461
112  39.21752670 -106.86505461  39.21737343 -106.86498769 53 102
112  39.21718687 -106.86493545  39.21715807 -106.86493749
111  39.21718687 -106.86493545
112  39.21718687 -106.86493545  39.21712746 -106.86493967 53 102
112  39.21703961 -106.86504240  39.21700530 -106.86512105 53 102
112  39.21695261 -106.86539177  39.21694632 -106.86552419 53 102
112  39.21714639 -106.86579340  39.21729056 -106.86586835
111  39.21714639 -106.86579340
112  39.21714639 -106.86579340  39.21708643 -106.86576370
112  39.21640829 -106.86544534  39.21623661 -106.86536351
111  39.21640829 -106.86544534
112  39.21640829 -106.86544534  39.21655948 -106.86548437 53 102
112  39.21672733 -106.86534086  39.21677445 -106.86528305 53 102
112  39.21683193 -106.86511175  39.21685554 -106.86502076 53 102
112  39.21675437 -106.86470715  39.21658074 -106.86458307 53 102
112  39.21521718 -106.86397553  39.21494902 -106.86388845
111  39.21521718 -106.86397553
112  39.21521718 -106.86397553  39.21514026 -106.86395055 53 102
112  39.21502938 -106.86399094  39.21497306 -106.86404237
111  39.21502938 -106.86399094
112  39.21502938 -106.86399094  39.21493343 -106.86407579 53 102
112  39.21507074 -106.86479711  39.21537453 -106.86502253
111  39.21507074 -106.86479711
112  39.21507074 -106.86479711  39.21491911 -106.86472615
111  39.21452533 -106.86444952 53 102
112  39.21472014 -106.86428041  39.21480569 -106.86413015
111  39.21472014 -106.86428041
112  39.21472014 -106.86428041  39.21478510 -106.86410904 53 102
112  39.21479952 -106.86404039  39.21480921 -106.86400168 53 102
112  39.21479574 -106.86388995  39.21477696 -106.86385008 53 102
112  39.21472505 -106.86380981  39.21469389 -106.86379510 53 102
112  39.21460866 -106.86380921  39.21456959 -106.86383845 53 102
112  39.21448935 -106.86407155  39.21443068 -106.86429431 53 102
111  39.21452533 -106.86444952
112  39.21394280 -106.86426607  39.21376623 -106.86421245
111  39.21394280 -106.86426607
112  39.21394280 -106.86426607  39.21407005 -106.86428039 53 102
112  39.21429560 -106.86406612  39.21438160 -106.86388632
111  39.21429560 -106.86406612
112  39.21429560 -106.86406612  39.21432969 -106.86397977 53 102
112  39.21437633 -106.86380583  39.21439242 -106.86372270
111  39.21437633 -106.86380583
112  39.21437633 -106.86380583  39.21438851 -106.86374086 53 102
112  39.21432421 -106.86357437  39.21425946 -106.86351327
111  39.21432421 -106.86357437
112  39.21432421 -106.86357437  39.21423387 -106.86349513 53 102
112  39.21409298 -106.86342297  39.21405045 -106.86339223
111  39.21409298 -106.86342297
112  39.21409298 -106.86342297  39.21400656 -106.86336693 53 102
112  39.21233822 -106.86261418  39.21224305 -106.86261842
111  39.21233822 -106.86261418
112  39.21233822 -106.86261418  39.21223682 -106.86259445 53 102
112  39.21214114 -106.86262367  39.21209616 -106.86264413
111  39.21214114 -106.86262367
112  39.21214114 -106.86262367  39.21207125 -106.86264319 53 102
112  39.21190027 -106.86291700  39.21187174 -106.86307410
111  39.21190027 -106.86291700
112  39.21190027 -106.86291700  39.21188625 -106.86313549 53 102
112  39.21209614 -106.86338231  39.21223480 -106.86345723
111  39.21209614 -106.86338231
112  39.21209614 -106.86338231  39.21190186 -106.86326579
111  39.21164080 -106.86314659 53 102
112  39.21179390 -106.86270155  39.21184391 -106.86263696
111  39.21179390 -106.86270155
112  39.21179390 -106.86270155  39.21193463 -106.86244846 53 102
112  39.21250969 -106.86247522  39.21283701 -106.86264275
111  39.21250969 -106.86247522
112  39.21250969 -106.86247522  39.21270968 -106.86255037 53 102
112  39.21414215 -106.86322437  39.21445648 -106.86330809 53 102
112  39.21459693 -106.86277528  39.21487670 -106.86278443
111  39.21459693 -106.86277528
112  39.21459693 -106.86277528  39.21484403 -106.86288270 53 102
112  39.21578205 -106.86333245  39.21584813 -106.86337432
111  39.21578205 -106.86333245
112  39.21578205 -106.86333245  39.21581614 -106.86334581 53 102
112  39.21624143 -106.86355169  39.21644764 -106.86365724
111  39.21624143 -106.86355169
112  39.21624143 -106.86355169  39.21636979 -106.86386773 53 102
112  39.21654161 -106.86435626  39.21657963 -106.86439599
111  39.21654161 -106.86435626
112  39.21654161 -106.86435626  39.21659504 -106.86441209 53 102
112  39.21762658 -106.86488429  39.21795233 -106.86498720
111  39.21762658 -106.86488429
112  39.21762658 -106.86488429  39.21772315 -106.86491480 53 102
113  39.21779779 -106.86479613
50 12040 ATIS
51 12295 UNICOM
52 12375 CLNC DEL
53 12190 GND
54 11885 TWR
55 12380 APP/DEP
1000 South Flow
1001 KASE 060 240 99
1002 KASE 0
1003 KASE 0.0
1101 15 right
1100 15  12380 arrivals heavy|jets|turboprops|props|fighters 000000 000000 15 Arr
1100 33  12380 departures heavy|jets|turboprops|props|helos|fighters 000000 310310 33 Dep
1000 North Flow
1001 KASE 240 060 99
1002 KASE 0
1003 KASE 0.0
1101 15 right
1100 15  12380 arrivals heavy|jets|turboprops|props|helos|fighters 000000 000000 15 Arr
1100 33  12380 departures heavy|jets|turboprops|props|helos|fighters 000000 310310 33 Dep
99
